10.86054 94.62351 
1 1 
16 24.55095
-1 0
-1 0
0 0
13 5
17 3
23 6
14 5
26 8
31 4
-1 0
-1 0
-1 0
-1 0
-1 0
-1 0
-1 0
-1 0
-1 0
-1 0
-1 0
-1 0
-1 0
-1 0
-1 0
-1 0
-1 0
-1 0
-1 0
-1 0
-1 0
-1 0
-1 0
-1 0
-1 0
-1 0
-1 0
-1 0
-1 0
-1 0
-1 0
-1 0
-1 0
-1 0
-1 0
-1 0
-1 0
-1 0
-1 0
-1 0
-1 0
-1 0
-1 0
0
35
15 -12 73 1 t 285.294
13 -28 92 1 t 0
13 -19 120 1 t 0
13 -2 107 1 t 75.19905
13 -17 98 1 t 10.13349
14 -13 124 1 t 0
14 -20 127 1 t 0
13 -23 119 1 t 0
14 -21 117 1 t 0
13 -31 126 1 t 0
15 10 70 1 t 374.6772
15 18 95 1 t 83.51087
13 14 75 1 t 29.3817
13 24 108 1 t 314.4115
14 4 118 1 t 101.9489
15 29 108 1 t 78.61609
13 56 51 1 t 0
14 61 46 1 t 0
15 34 50 64.43729 t 0
15 50 75 1 t 0
13 62 103 206 t 0
13 59 108 1 t 0
13 62 103 206 t 0
13 59 108 1 t 0
13 24 108 1 t 79.49986
14 4 118 1 t 101.9489
15 29 108 1 t 314.4115
13 -19 120 1 t 0
13 -2 107 1 t 314.4795
13 -17 98 1 t 10.13349
14 -13 124 1 t 0
14 -20 127 1 t 0
13 -23 119 1 t 0
14 -21 117 1 t 0
13 -31 126 1 t 0
