10.76378 7.130198 
1 1 
16 28.82896
-1 0
-1 0
0 0
39 6
33 3
25 1
-1 0
77 1
-1 0
31 6
-1 0
-1 0
-1 0
-1 0
-1 0
-1 0
-1 0
-1 0
-1 0
-1 0
-1 0
-1 0
-1 0
-1 0
-1 0
-1 0
-1 0
-1 0
-1 0
-1 0
-1 0
-1 0
-1 0
-1 0
-1 0
-1 0
-1 0
-1 0
-1 0
-1 0
-1 0
-1 0
-1 0
-1 0
26 3
-1 0
-1 0
-1 0
-1 0
-1 0
-1 0
-1 0
0
69
13 -15 -31 1 t 0
14 -20 -5 1 t 389.4669
14 -1 -12 1 t 390.7574
13 -20 -19 1 t 377.796
14 -21 -1 0.98 t 0
15 -29 20 1 t 0
14 -17 11 1 t 401.385
14 -17 9 1 t 400.9729
15 -29 20 1 t 0
15 -27 29 1 t 0
14 -17 11 1 t 385.1413
14 -17 9 1 t 385.1413
15 -25 48 1 t 0
13 -7 42 1 t 0
14 -8 42 1 t 0
15 -25 48 1 t 0
13 -7 42 1 t 0
14 -8 42 1 t 0
15 -25 48 1 t 0
13 -7 42 1 t 0
14 -8 42 1 t 0
15 -25 48 1 t 0
13 -7 42 1 t 0
14 -8 42 1 t 0
13 26 -16 1 t 390.4304
13 1 -26 1 t 0
13 9 -11 1 t 269.0357
14 12 -1 1 t 55.23726
14 4 -3 1 t 54.56987
14 25 29 1 t 310.3263
14 7 2 1 t 57.47217
14 12 5 1 t 56.41788
14 13 3 1 t 55.85548
15 3 4 1 t 52.43192
15 5 6 1 t 51.78938
15 13 6 1 t 50.66713
15 14 3 1 t 49.90619
15 8 49 1 t 0
15 28 44 1 t 0
15 8 49 1 t 0
15 28 44 1 t 0
15 8 49 1 t 0
15 28 44 1 t 0
13 20 53 1 t 0
15 8 49 1 t 0
15 28 44 1 t 0
13 20 53 1 t 0
15 8 49 1 t 0
15 28 44 1 t 0
13 20 53 1 t 0
15 8 49 1 t 0
15 28 44 1 t 0
13 20 53 1 t 0
15 8 49 1 t 0
15 18 54 1 t 0
15 28 44 1 t 0
13 20 53 1 t 0
15 8 49 1 t 0
15 18 54 1 t 0
15 28 44 1 t 0
13 20 53 1 t 0
15 44 39 1 t 0
14 43 38 1 t 0
15 44 39 1 t 0
14 43 38 1 t 0
15 34 60 1 t 0
15 44 39 1 t 0
14 43 38 1 t 0
14 8 5 58.62596 t 0
